{
  "K": 40,
  "N": 65,
  "d": [
    [
      4.509717894348948,
      63.550554269549636,
      16.76868599827874,
      50.11451779880422,
      51.75187438581451,
      58.05681544716415,
      28.043160431015096,
      51.183688230249814,
      50.98674531341809,
      72.49220958961048,
      71.56267949878314,
      29.947227818126304,
      47.938091133347214,
      48.15875121286817,
      69.94076330884921,
      31.448547267171524,
      10.375710310367666,
      70.19802099690476,
      45.89782760555188,
      11.976845199176635,
      34.20330906182203,
      34.46990061831262,
      56.41490539536132,
      85.88817976001162,
      65.14505555427817,
      32.61773025351181,
      75.39245196222541,
      52.54945384375509,
      70.00587718268223,
      24.46557316902546,
      29.969207632710688,
      67.78821070565817,
      14.731875929528924,
      46.77105592696646,
      36.35310958223656,
      58.1412744292885,
      28.308214050416,
      44.20042587395409,
      39.47772157013567,
      33.397174383815525,
      61.33170233272376,
      72.35625819494888,
      35.46588934917412,
      51.92222824872244,
      37.08262130456925,
      48.480420220819404,
      52.936153197203886,
      25.65371152074402,
      49.39940655601105,
      24.640924857923743,
      44.355053332675745,
      45.36073843697973,
      17.624457234558523,
      30.0634543815426,
      41.50994443043014,
      14.037889390780345,
      73.0316798874751,
      61.0172938384583,
      21.244048037278098,
      72.1405416571141,
      77.88191859605477,
      30.30775326463473,
      9.019435788697896,
      25.954645280849423,
      74.52324141041028
    ],
    [
      63.550554269549636,
      7.116909145357964,
      70.3319839590865,
      56.68362013222794,
      98.35741592634866,
      54.65058622754187,
      51.89496225387426,
      73.34629432046384,
      55.25462547166056,
      38.82635223612216,
      59.98450563468829,
      37.36946749744692,
      40.8594595152564,
      66.19542001461973,
      14.233818290715927,
      69.80993657917861,
      72.4060018938488,
      32.91762147013738,
      38.58655426858501,
      74.53825708597199,
      40.01740047284025,
      41.5554247329439,
      81.86367265405916,
      56.5974057219281,
      30.14841884647332,
      88.44190146525771,
      29.750770304508897,
      64.6946381108174,
      53.33285487690947,
      79.04908003086453,
      36.47803529666612,
      32.053651402808825,
      70.47661540547975,
      17.38931756944896,
      70.03879501072592,
      47.962372187185146,
      40.74873422918106,
      81.73163900865168,
      39.567850518729266,
      76.47215734914278,
      57.872030408673396,
      35.57253405787557,
      87.15068398518473,
      41.53176115319203,
      85.03914755917464,
      47.95160771364426,
      15.918537102230388,
      74.17023839342046,
      67.5043251734242,
      45.99026797361811,
      26.694355987888446,
      89.37068467343195,
      58.74147224667238,
      70.58287067498162,
      59.77644268253151,
      64.0294950453821,
      33.57449534262405,
      14.608190486519824,
      84.79269919424522,
      41.92753605233703,
      38.54685707459832,
      77.77296644798965,
      69.11942501508689,
      85.90254104602606,
      22.345121626524246
    ],
    [
      16.76868599827874,
      70.3319839590865,
      1.2450448161100998,
      66.48212122688189,
      35.330030316493705,
      50.052183313581615,
      44.19733370208359,
      37.30299573493602,
      67.23450517929496,
      85.92352213039487,
      63.39436478243782,
      42.49707158895791,
      44.19925116135634,
      35.954553382812556,
      73.65012983947565,
      47.84860890015757,
      10.905267047113638,
      82.91326101464898,
      43.160205277490725,
      21.986188935591034,
      48.40313864812986,
      49.0462854824296,
      41.23768895580348,
      80.50631477998888,
      77.76342944511728,
      18.571926155458225,
      87.09248933262147,
      41.17644283180791,
      63.40423228240012,
      37.75472916166144,
      33.908253041924524,
      66.6786270012886,
      2.4900896322201995,
      52.942767488229606,
      21.872305665970813,
      73.50484891245313,
      30.07553013057776,
      27.844822248666347,
      37.40476391351364,
      16.928814702357748,
      52.67029633703857,
      70.6957114547369,
      48.35881952360503,
      47.774476654697914,
      20.458774515218,
      64.11914984466894,
      57.00273239717647,
      40.91192787447542,
      36.921225067619794,
      24.88811118954713,
      56.110747116488795,
      59.71325397054693,
      12.002506751025125,
      46.32019071505515,
      31.038090641737206,
      6.3347685483579985,
      71.96643105620718,
      64.35159131230289,
      22.63822658050943,
      86.03404436611574,
      90.79392510089156,
      45.24115669255656,
      8.642053024260818,
      16.06937259484418,
      76.62604151912262
    ],
    [
      50.11451779880422,
      56.68362013222794,
      66.48212122688189,
      0.9819590818138151,
      101.77414284757708,
      89.56846616107582,
      22.326209784012164,
      94.2727265131435,
      1.9639181636276302,
      35.22485597083969,
      100.84201197951953,
      31.701737977463033,
      74.24391743696417,
      88.91340736138679,
      70.22299030626895,
      27.4573670119496,
      59.702484379794384,
      37.08437568638744,
      71.09719608084109,
      52.74564004684767,
      23.691514432199074,
      21.98996625711189,
      101.40526378308304,
      106.42574819019147,
      34.33523912067208,
      82.46671950133849,
      45.34599851160913,
      91.21878350461567,
      96.16790329158016,
      44.60382498515391,
      52.38060561582135,
      81.74531728452908,
      64.69752631767426,
      50.849144887935395,
      82.05853539268263,
      14.037208192797168,
      55.94954306192438,
      92.16498003518228,
      66.41413021704334,
      82.01448118104437,
      93.448682899939,
      86.45642692431264,
      45.983416655371464,
      77.60896286474863,
      86.93968480443047,
      8.735682319309394,
      59.25885229267434,
      37.14171462287888,
      90.40193235573139,
      57.55304534895591,
      31.45070561031561,
      41.13258513904486,
      61.879038218224295,
      29.412999368981,
      80.9623362625007,
      62.026775117672514,
      85.45654442807468,
      65.6617284583336,
      64.07986352083047,
      32.65059537454969,
      41.781666900357585,
      37.40996722479759,
      59.12048890863673,
      74.77376836630837,
      78.03787927675948
    ],
    [
      51.75187438581451,
      98.35741592634866,
      35.330030316493705,
      101.77414284757708,
      7.494650605073241,
      58.06321542940037,
      79.5171049073332,
      33.562174444881606,
      102.55392483472856,
      119.86431567061744,
      67.82721896658983,
      76.74650922561153,
      61.93534915326872,
      38.81981118930829,
      97.65952538361039,
      81.41929823836554,
      43.0275014780534,
      116.32765566772916,
      62.71661461832395,
      52.873842480488,
      83.26889848186363,
      84.05195110679482,
      29.13963829138035,
      88.48702161729574,
      111.18299582107704,
      21.687423027492926,
      119.55025127788664,
      43.89055594767101,
      71.38156116878966,
      67.98010141625238,
      63.28009293175061,
      84.34896867919844,
      37.08043958381716,
      81.68760723895825,
      28.664671137914652,
      108.67251367076926,
      58.46994709477834,
      18.011300322525553,
      59.496655475144806,
      22.213077355493684,
      58.43260971609377,
      86.93319676080516,
      76.90925032907265,
      63.902160274440085,
      14.989301210146483,
      99.39097151644371,
      83.04532961677765,
      73.07741142972431,
      38.39820220983526,
      53.571613569992444,
      89.41158618697584,
      89.47277609721836,
      42.72435872409576,
      79.66769410900234,
      41.359445041105396,
      40.38587509459081,
      89.0441312166099,
      88.71498209768534,
      45.94290194270828,
      120.31302946981752,
      124.26255021094168,
      76.71033144689412,
      42.84611887026196,
      31.03447291144249,
      98.14203008167227
    ],
    [
      58.05681544716415,
      54.65058622754187,
      50.052183313581615,
      89.56846616107582,
      58.06321542940037,
      1.9414316853845488,
      71.26383352327716,
      25.01159318008006,
      89.19092848384601,
      89.24712573394253,
      13.541546516521272,
      57.91717492502819,
      15.775610731735688,
      19.269018866324092,
      47.42410950177821,
      84.82958040458145,
      59.51873012298209,
      83.89630868108722,
      18.91457931969208,
      68.88926847786513,
      65.87747401993293,
      67.59864057274129,
      32.23083272955311,
      31.484176230429924,
      79.5725134732007,
      60.291341299198436,
      83.21419560419461,
      14.347638562809989,
      13.916060081964151,
      82.4399549729376,
      37.37860639758494,
      29.012087219655957,
      52.0613443631424,
      44.170090528049535,
      32.87215828614129,
      88.5784311293922,
      34.63401361259125,
      40.29087447890733,
      23.176482356669876,
      42.46729807879897,
      3.8828633707690976,
      30.2490108750068,
      93.39541620972908,
      13.490745181882,
      50.605973090183085,
      82.7788905990494,
      39.558610837751246,
      82.34028313398257,
      19.680624055946616,
      35.254325053332046,
      62.11263716040524,
      102.2080809520973,
      41.09249585866302,
      84.20337557944039,
      19.614009969836154,
      46.82103970771546,
      32.73427627124954,
      40.733356141256806,
      72.59203245322414,
      91.37580294743957,
      90.98523032451851,
      87.11115357162078,
      55.90318684374247,
      63.9104338550361,
      44.78852486515912
    ],
    [
      28.043160431015096,
      51.89496225387426,
      44.19733370208359,
      22.326209784012164,
      79.5171049073332,
      71.26383352327716,
      5.451343417391713,
      72.96787412557934,
      23.037444146568557,
      47.37382389649522,
      83.57469425570405,
      15.925682002231563,
      56.90045600220713,
      68.0643923468632,
      63.019251970651624,
      17.951661711743842,
      37.98216734725506,
      46.42815651496575,
      53.914078964175246,
      32.5672535518009,
      12.089089626455344,
      10.902686834783426,
      79.75517780100053,
      92.40679660107632,
      41.85710583730213,
      60.619341844187,
      53.177815111413786,
      70.93038149111713,
      79.8172662141693,
      29.493851827055625,
      34.154534975903175,
      69.31802111134036,
      42.46997116836959,
      39.82743223203174,
      60.11605961378667,
      30.51113742022593,
      36.661358409504125,
      69.95236750283239,
      48.34415995003496,
      59.714743064151264,
      75.0748023039051,
      74.20675217857202,
      35.773921595739964,
      60.656231212453264,
      64.64626456517666,
      20.67359404642232,
      48.31133870442121,
      23.22623306192725,
      69.52054088314925,
      37.12218174992641,
      25.898491104912114,
      37.6438463913083,
      39.81745097028827,
      18.694041887712437,
      60.24515230800176,
      39.70787987066838,
      73.83540958430197,
      56.09387112884478,
      44.32950521306179,
      46.28385590989997,
      53.43447409630984,
      26.20382616612968,
      37.059443369267704,
      53.39116653266697,
      69.84220984625559
    ],
    [
      51.183688230249814,
      73.34629432046384,
      37.30299573493602,
      94.2727265131435,
      33.562174444881606,
      25.01159318008006,
      72.96787412557934,
      2.982985065939609,
      94.41852324933122,
      102.62762421838988,
      34.307343984186794,
      63.740391552003715,
      32.952754890619424,
      7.1629902834228725,
      69.25762878865044,
      82.08840812243218,
      48.18877659054097,
      97.97926032732391,
      34.84320207710724,
      59.147935144792946,
      71.65650719197164,
      73.04027463575008,
      8.523764872732912,
      54.92486722069351,
      93.1173001237857,
      40.534831455101624,
      99.14529452015763,
      10.66906330520926,
      37.90255129634902,
      74.65648419441216,
      44.477845157692435,
      53.05770899726009,
      39.769173992758034,
      58.96411211868127,
      15.435872892747675,
      96.9474944486313,
      39.848293677659484,
      16.711686060100853,
      34.36604975392813,
      23.195217474002042,
      24.959534024911584,
      54.9298660265381,
      85.46112811439863,
      33.61801619425657,
      29.13201533077739,
      89.23238732739951,
      57.42885750957549,
      76.81479876050011,
      5.965970131879218,
      37.00415408190947,
      72.66839947680985,
      96.321153318755,
      34.17237989240264,
      80.91441878532972,
      14.330512225334363,
      37.288311908914956,
      57.27831158102816,
      61.17509016474849,
      58.86878663413635,
      104.02518334067454,
      105.67040029896313,
      81.4153820365598,
      45.42694606449049,
      46.71545107751458,
      68.1136469463358
    ],
    [
      50.98674531341809,
      55.25462547166056,
      67.23450517929496,
      1.9639181636276302,
      102.55392483472856,
      89.19092848384601,
      23.037444146568557,
      94.41852324933122,
      0.9819590818138151,
      33.26094723610204,
      100.31101930398735,
      31.450914212069424,
      73.78230045329646,
      88.95866641103342,
      68.88879958132868,
      29.167521266499826,
      60.69424520501482,
      35.14655261045288,
      70.62693414498493,
      53.98786537149158,
      23.38359829529499,
      21.749843254100437,
      101.64283915626265,
      105.5377736087543,
      32.45302178012133,
      83.43855184800103,
      43.42079729550095,
      91.14886271425465,
      95.5377751945522,
      46.21805997723492,
      52.1249758897591,
      80.76653995355974,
      65.4980576083003,
      49.9015734774476,
      82.4160007807034,
      12.076762437159514,
      55.814057747929375,
      92.6552643503702,
      66.06929027393208,
      82.5944015373545,
      93.07330647395295,
      85.45001397751795,
      47.81504955473492,
      77.0910358158379,
      87.68099602652191,
      7.36969830149702,
      58.24801443142757,
      38.76852448372811,
      90.45220051944459,
      57.58995892019738,
      30.351513363053375,
      43.08623940943083,
      62.31138443487968,
      31.101959368668375,
      80.99230152070604,
      62.65270973121814,
      84.400307430111,
      64.51190418304603,
      65.40040379375505,
      30.692951854449646,
      39.81776370176936,
      39.161270153985996,
      60.00387188919505,
      75.85986677650149,
      76.74538403100222
    ],
    [
      72.49220958961048,
      38.82635223612216,
      85.92352213039487,
      35.22485597083969,
      119.86431567061744,
      89.24712573394253,
      47.37382389649522,
      102.62762421838988,
      33.26094723610204,
      1.8762582720915146,
      96.97645567691269,
      43.42653033294136,
      73.77617929236568,
      95.93089222642055,
      52.56534933921561,
      60.49326196994567,
      82.8650309936022,
      5.925631583288581,
      70.82687216998343,
      79.51741832182786,
      38.31433497219495,
      38.23860545963097,
      110.89850166821233,
      95.40509138313588,
      9.683676014633042,
      104.1581932625118,
      12.68346251395099,
      96.14802506480957,
      90.74125670314488,
      76.06034506158159,
      58.52519229714335,
      70.61179150159278,
      84.93619405948091,
      45.11732591218761,
      94.56525251983972,
      21.227085462961927,
      63.392014630886926,
      106.17094187169094,
      68.91446447824508,
      97.94627130219865,
      92.89267674797371,
      74.34779628250665,
      79.77448589232185,
      75.77500188459815,
      105.04639813172372,
      29.191113439728344,
      50.41926970595353,
      69.00395063509207,
      97.40639421132688,
      67.43878766972963,
      30.6087673607494,
      76.24741482235208,
      77.1415472988058,
      62.182365356934305,
      88.29711584872021,
      80.03837434713553,
      72.39735381543377,
      52.794793961631974,
      91.29311048802101,
      3.7525165441830293,
      6.562032173300267,
      70.5169579688331,
      80.8888284230352,
      98.40624472438341,
      60.50587941673332
    ],
    [
      71.56267949878314,
      59.98450563468829,
      63.39436478243782,
      100.84201197951953,
      67.82721896658983,
      13.541546516521272,
      83.57469425570405,
      34.307343984186794,
      100.31101930398735,
      96.97645567691269,
      3.508335673773436,
      69.49618603809658,
      26.751131761378886,
      30.29610446422955,
      49.99114473110172,
      97.79018737190955,
      73.01120521745163,
      91.35122620781264,
      29.83871948696333,
      82.43081481332824,
      77.261305635554,
      79.041266637857,
      39.67157835260159,
      20.853014418435944,
      87.43084174917281,
      72.59028870272164,
      89.55728412294606,
      24.617140146799162,
      7.016671347546872,
      95.9116422803309,
      49.42921584498258,
      29.549430326375095,
      65.45721221937283,
      52.78954016283443,
      45.084392710285705,
      98.62161179486857,
      47.251678546593496,
      50.79720589718455,
      35.24255311026988,
      54.61734054285718,
      10.757893014779716,
      28.531141878380417,
      106.84987965035444,
      23.23583283900713,
      62.236340032753525,
      93.60775129088728,
      46.559545105780025,
      95.64894930681145,
      30.201116687127858,
      48.39283804481511,
      71.91557881966989,
      115.47193322662102,
      54.63252876258398,
      97.24563916795127,
      32.555578453697414,
      60.32817573974687,
      31.276667250800084,
      45.39796436635932,
      85.99023570213534,
      99.4508480233457,
      97.93494571621001,
      100.41412792841226,
      69.41548586958898,
      76.81893334677429,
      45.28319057594103
    ],
    [
      29.947227818126304,
      37.36946749744692,
      42.49707158895791,
      31.701737977463033,
      76.74650922561153,
      57.91717492502819,
      15.925682002231563,
      63.740391552003715,
      31.450914212069424,
      43.42653033294136,
      69.49618603809658,
      4.041816266213966,
      42.771946094099384,
      57.92462741713466,
      47.511911159179974,
      33.5466920262141,
      40.1494841344703,
      40.56812863858492,
      39.660087359906825,
      39.09575465584872,
      8.083632532427933,
      9.714171331970205,
      71.36102116892694,
      76.96219648775465,
      35.448384290952085,
      60.787095490097265,
      45.45506158983801,
      59.82330608575911,
      65.20466352156743,
      41.714931042202814,
      20.682651686847148,
      53.49164134539915,
      41.54474838101479,
      23.982425626006066,
      53.07321625534132,
      33.31548496384528,
      24.438109016540487,
      64.1798905429587,
      34.74386823457113,
      55.16076935786902,
      61.79292445063093,
      58.3741861068785,
      49.891745544384406,
      46.29262849156327,
      61.828797307248955,
      25.60807653624369,
      32.407949719657125,
      36.868197398354646,
      59.429453440446046,
      26.744044941092653,
      14.438445600622252,
      53.27355734083891,
      34.1998900513418,
      33.98695959333894,
      49.93802226611118,
      36.646220151515,
      57.94523551157318,
      40.26683824512818,
      50.38149301832066,
      43.62193025073249,
      48.390384855656464,
      40.65370456428751,
      37.804269095002915,
      55.45989519512962,
      54.097806345478176
    ],
    [
      47.938091133347214,
      40.8594595152564,
      44.19925116135634,
      74.24391743696417,
      61.93534915326872,
      15.775610731735688,
      56.90045600220713,
      32.952754890619424,
      73.78230045329646,
      73.77617929236568,
      26.751131761378886,
      42.771946094099384,
      1.5841784661206335,
      25.8121533349677,
      36.44293641014678,
      71.65723834278415,
      51.80488678634609,
      68.53884834106893,
      3.168356932241267,
      59.609296259095295,
      50.59874335699037,
      52.3616956099395,
      41.38317222826442,
      37.97421233142178,
      64.09254789450915,
      58.44547063903301,
      68.35018815308673,
      23.84099690898154,
      23.100776019392637,
      71.53590485483711,
      22.751751063184035,
      23.14779987710959,
      45.67439825165569,
      28.66285432448393,
      33.57315817184043,
      72.83787417868768,
      21.10904635950769,
      44.10667344787881,
      8.860241244882525,
      42.234289351119344,
      19.608011038071105,
      26.715781785010673,
      82.24615661870182,
      4.019352614063807,
      51.13612318800429,
      67.23344939644376,
      25.1017971012726,
      70.37918755834676,
      27.004919123163766,
      23.414902126634622,
      46.33849483303605,
      89.94057035121835,
      33.081542811070406,
      71.25636414532676,
      20.70456571821564,
      39.41932694546742,
      28.2816324615788,
      28.223078054246677,
      65.49146146024958,
      75.79870222056701,
      75.79579982406781,
      75.09105180434068,
      47.99923354689958,
      59.759327998265704,
      36.21492033987791
    ],
    [
      48.15875121286817,
      66.19542001461973,
      35.954553382812556,
      88.91340736138679,
      38.81981118930829,
      19.269018866324092,
      68.0643923468632,
      7.1629902834228725,
      88.95866641103342,
      95.93089222642055,
      30.29610446422955,
      57.92462741713466,
      25.8121533349677,
      0.7542851794923308,
      62.16871905979485,
      78.32786630582873,
      46.57697547193997,
      91.19227913703814,
      27.68032806635713,
      57.175778417517634,
      65.93111376571052,
      67.38881767529016,
      15.668763738711224,
      50.28353223208387,
      86.37587546937289,
      42.4746436826589,
      92.18403519577228,
      5.740005389864424,
      32.85762336271831,
      72.24611871859679,
      38.14885083299416,
      46.380676210925536,
      38.31448723500046,
      51.969964146672446,
      15.221369010008399,
      90.9405026180908,
      33.68844484542264,
      21.02804533594835,
      27.366580463964553,
      24.51282670262579,
      20.048325271507156,
      48.50734232021112,
      83.18999184140394,
      26.61686174835186,
      31.94091331833878,
      83.51557568674706,
      50.279694568219796,
      73.75965893846703,
      1.5085703589846615,
      31.368961594077476,
      66.20159473925958,
      93.51914634952541,
      30.632391772344942,
      77.28629163803787,
      7.986649654773658,
      34.74321504052511,
      50.76877336980685,
      54.02944878697668,
      58.31927418269381,
      97.42055929589269,
      98.83737248084766,
      78.45051016878183,
      43.45014140043916,
      47.46335803549637,
      61.20557245411908
    ],
    [
      69.94076330884921,
      14.233818290715927,
      73.65012983947565,
      70.22299030626895,
      97.65952538361039,
      47.42410950177821,
      63.019251970651624,
      69.25762878865044,
      68.88879958132868,
      52.56534933921561,
      49.99114473110172,
      47.511911159179974,
      36.44293641014678,
      62.16871905979485,
      4.055691705488246,
      80.92480227996528,
      77.6579284369007,
      46.640267269388666,
      35.10732285712217,
      81.58830097297083,
      51.68243523594942,
      53.37434712807306,
      77.57693701271145,
      43.494984902835284,
      44.22037602099815,
      90.774307887643,
      42.43414515112979,
      59.52616038601204,
      43.03259363764773,
      88.2461697498392,
      40.45871258131089,
      20.547126391587835,
      74.26478229746327,
      23.96811683735868,
      68.99890454170585,
      62.090253952232494,
      43.651977118364826,
      80.14463123870473,
      38.33636658154267,
      76.69209838878339,
      50.06259970265985,
      22.993276676596164,
      97.17922376101632,
      35.73058763317279,
      85.5700254909067,
      61.5334999404872,
      17.02540972778411,
      84.1394249244732,
      63.29171719808175,
      48.772375004518416,
      39.302898035425436,
      100.65157848269114,
      61.66344791141238,
      81.46608499031049,
      56.97977651312152,
      67.602111459266,
      20.619304267716007,
      9.30716075921117,
      90.83787558541155,
      55.812942629925146,
      51.60031456523397,
      88.10032574499346,
      74.07565701832382,
      89.67294569658219,
      8.111383410976492
    ],
    [
      31.448547267171524,
      69.80993657917861,
      47.84860890015757,
      27.4573670119496,
      81.41929823836554,
      84.82958040458145,
      17.951661711743842,
      82.08840812243218,
      29.167521266499826,
      60.49326196994567,
      97.79018737190955,
      33.5466920262141,
      71.65723834278415,
      78.32786630582873,
      80.92480227996528,
      1.0224196833252401,
      38.47149330475756,
      60.824225941577744,
      68.88002741245492,
      28.887306096495475,
      29.835701681093244,
      28.41180986258162,
      87.7387904790596,
      108.46886272585606,
      56.82837204632435,
      60.43379984261513,
      68.35637967084048,
      82.09547004567611,
      94.7570393952731,
      17.415057011680975,
      49.24328031925325,
      86.25582393256677,
      45.564513242789864,
      57.5266867839418,
      67.6430443571962,
      40.44816279924816,
      50.62000471130523,
      75.58397156796998,
      62.83044990698638,
      64.71797476436458,
      88.48801626336855,
      91.1426245499346,
      19.32135203464579,
      75.5878745163886,
      67.44754557039997,
      31.338551442926306,
      65.89664317175361,
      9.999244590682322,
      79.67623667043085,
      49.600355116588936,
      43.54577157239081,
      19.735003963733472,
      47.928182750157596,
      2.0448393666504803,
      71.02223967537532,
      45.42242275574984,
      90.95995108067204,
      73.81088839183462,
      38.891179398296806,
      58.57898423403514,
      66.94889215992835,
      10.080496167840101,
      39.33567897038717,
      51.707940207035236,
      87.63890371759985
    ],
    [
      10.375710310367666,
      72.4060018938488,
      10.905267047113638,
      59.702484379794384,
      43.0275014780534,
      59.51873012298209,
      37.98216734725506,
      48.18877659054097,
      60.69424520501482,
      82.8650309936022,
      73.01120521745163,
      40.1494841344703,
      51.80488678634609,
      46.57697547193997,
      77.6579284369007,
      38.47149330475756,
      1.9072500268105392,
      80.52688370847928,
      50.272756803478046,
      11.141545548355499,
      44.578988113687444,
      44.83308991720379,
      52.075491595952336,
      89.14238776899032,
      75.45949126253201,
      22.770975362536802,
      85.59962826605455,
      51.635851655526615,
      72.43958254963064,
      26.996810681366508,
      37.201326997731385,
      73.2670755951439,
      8.424309071301284,
      55.26365948434406,
      32.76697825235308,
      68.31155919196254,
      34.463597438727355,
      38.23645066111815,
      44.070982959784246,
      27.364659464496164,
      62.39087639436024,
      77.58753508073524,
      37.48813832101039,
      55.6209060485929,
      29.007468591905088,
      58.57758444967898,
      60.66101846811505,
      30.71360325929834,
      47.607038119827486,
      29.847783518223405,
      54.49295204890576,
      49.01900045785215,
      18.81641929333844,
      36.780977228431716,
      41.135545572438346,
      12.717333967501885,
      78.57098895943999,
      68.51106620724272,
      13.738362731047124,
      82.51308210121243,
      88.23185012768471,
      34.83282978578746,
      3.8145000536210785,
      15.59273099386505,
      81.57727481882135
    ],
    [
      70.19802099690476,
      32.91762147013738,
      82.91326101464898,
      37.08437568638744,
      116.32765566772916,
      83.89630868108722,
      46.42815651496575,
      97.97926032732391,
      35.14655261045288,
      5.925631583288581,
      91.35122620781264,
      40.56812863858492,
      68.53884834106893,
      91.19227913703814,
      46.640267269388666,
      60.824225941577744,
      80.52688370847928,
      2.5783584801692707,
      65.63878828907987,
      77.92762889257432,
      36.35773923708286,
      36.56070599164995,
      106.31829753083083,
      89.50701111301466,
      5.156716960338541,
      101.31488765017453,
      8.390531135878312,
      91.20024681523878,
      85.05474822047239,
      75.65057473056076,
      54.2336748268537,
      64.75740403577409,
      82.06783047164123,
      39.89253581140545,
      90.46873433514921,
      23.55674774726765,
      59.13925603922955,
      102.16423335263354,
      64.0110325258695,
      94.27172283333667,
      87.50250816766713,
      68.4576316612317,
      80.14151641251408,
      70.40846251315392,
      101.62180851750236,
      30.03487113228685,
      44.82640522501358,
      68.81862226917924,
      92.65490928159066,
      63.40161392092954,
      26.937156790537724,
      77.54076892224248,
      73.64082354972925,
      62.394637859519214,
      83.65960550471051,
      76.89371680711066,
      66.49168715675974,
      46.9586627405204,
      89.64087906599248,
      9.326656833180504,
      7.935013418268258,
      70.71035706882242,
      78.33684674385304,
      95.96228944462892,
      54.5860941598541
    ],
    [
      45.89782760555188,
      38.58655426858501,
      43.160205277490725,
      71.09719608084109,
      62.71661461832395,
      18.91457931969208,
      53.914078964175246,
      34.84320207710724,
      70.62693414498493,
      70.82687216998343,
      29.83871948696333,
      39.660087359906825,
      3.168356932241267,
      27.68032806635713,
      35.10732285712217,
      68.88002741245492,
      50.272756803478046,
      65.63878828907987,
      1.5841784661206335,
      57.682682720989376,
      47.46277887064324,
      49.23083438318249,
      43.338570614094635,
      40.25042671156314,
      61.144171179506856,
      58.109510665491875,
      65.6322585208425,
      26.20622434613254,
      25.95126339679976,
      69.21868071184404,
      19.803667282473224,
      23.58587198956542,
      44.497933143267666,
      25.74626075262457,
      34.13907424566332,
      69.67902730893277,
      18.50274697386129,
      45.06550956445646,
      6.431079953538012,
      42.42706414953325,
      22.7587008547559,
      27.538555718940835,
      79.85384052104335,
      6.748859454441343,
      51.3588053862029,
      64.06783611045468,
      22.710021852302244,
      67.84702676138822,
      28.953340280269373,
      21.264200404437176,
      43.20040554872539,
      87.31477140361459,
      31.723965637129595,
      68.52402820258197,
      21.895839582757162,
      38.09566263786758,
      28.844641736686278,
      26.532171349580985,
      64.00098887840788,
      72.80200705302046,
      72.9553343371747,
      72.53710378230524,
      46.45851640589786,
      58.93134018318004,
      35.559753952247625
    ],
    [
      11.976845199176635,
      74.53825708597199,
      21.986188935591034,
      52.74564004684767,
      52.873842480488,
      68.88926847786513,
      32.5672535518009,
      59.147935144792946,
      53.98786537149158,
      79.51741832182786,
      82.43081481332824,
      39.09575465584872,
      59.609296259095295,
      57.175778417517634,
      81.58830097297083,
      28.887306096495475,
      11.141545548355499,
      77.92762889257432,
      57.682682720989376,
      5.570772774177749,
      41.591790011199976,
      41.388449349728475,
      63.20585036836961,
      97.47210498241287,
      73.04594813436772,
      31.604502618589205,
      83.84468766622867,
      62.03629173415278,
      81.28432233429014,
      15.875792254390374,
      41.88712356587393,
      79.75536030253616,
      19.496099423396362,
      58.12825729532536,
      43.76738121858442,
      62.94298134540703,
      40.277706959155154,
      49.32285619843229,
      51.28470873702815,
      38.48003175034913,
      71.98302184775973,
      84.30891902588677,
      26.373105973943083,
      63.562128709928835,
      39.52667899679361,
      53.058971157156755,
      64.6315428451454,
      20.205058355931424,
      58.27402623007484,
      36.480475093818804,
      53.420214347732305,
      37.91213215654495,
      27.8115905020853,
      27.025797866760033,
      51.26826047114526,
      22.539765064249824,
      85.00325523933023,
      72.76598907595496,
      11.787484340941726,
      78.6822682558211,
      85.32079926508555,
      24.0103762766259,
      13.754945164596958,
      22.827444014612794,
      86.3657487795017
    ],
    [
      34.20330906182203,
      40.01740047284025,
      48.40313864812986,
      23.691514432199074,
      83.26889848186363,
      65.87747401993293,
      12.089089626455344,
      71.65650719197164,
      23.38359829529499,
      38.31433497219495,
      77.261305635554,
      8.083632532427933,
      50.59874335699037,
      65.93111376571052,
      51.68243523594942,
      29.835701681093244,
      44.578988113687444,
      36.35773923708286,
      47.46277887064324,
      41.591790011199976,
      0.9235423392644302,
      1.8470846785288604,
      79.17523738548006,
      83.90357362539913,
      31.454159062076684,
      66.24347490605287,
      42.36196595165091,
      67.8959651685369,
      72.7737715663417,
      41.10010043849186,
      28.741753236820884,
      59.86531772236716,
      47.16811790983998,
      29.348745611112157,
      60.57681706874416,
      25.754753559901477,
      32.514257151916944,
      71.45315186930685,
      42.72363479279317,
      62.07332186472696,
      69.7574388634743,
      64.70563316044795,
      47.84827612425609,
      54.028006940172205,
      68.28675283280882,
      17.587723936154685,
      37.96708382117385,
      35.18567915153587,
      67.43379272659836,
      34.65691480149796,
      13.809422411869718,
      49.35356337315328,
      41.17657597194761,
      30.716890472020438,
      57.9454767814489,
      42.90251048676069,
      64.0495628975216,
      45.35067237768006,
      53.285929676293435,
      37.95539330416804,
      43.86295928455932,
      38.289360856356154,
      42.74258308863466,
      60.14776519025718,
      58.81790131695819
    ],
    [
      34.46990061831262,
      41.5554247329439,
      49.0462854824296,
      21.98996625711189,
      84.05195110679482,
      67.59864057274129,
      10.902686834783426,
      73.04027463575008,
      21.749843254100437,
      38.23860545963097,
      79.041266637857,
      9.714171331970205,
      52.3616956099395,
      67.38881767529016,
      53.37434712807306,
      28.41180986258162,
      44.83308991720379,
      36.56070599164995,
      49.23083438318249,
      41.388449349728475,
      1.8470846785288604,
      0.9235423392644302,
      80.49139021433098,
      85.74997681990226,
      31.75026365376456,
      66.71847887675474,
      42.82861693097932,
      69.43916113011758,
      74.58435059919249,
      40.216570333790074,
      30.396700933823436,
      61.70674883117383,
      47.733603085577606,
      31.162505171693674,
      61.74788737535221,
      24.732212886511352,
      34.07660465296637,
      72.51847088922545,
      44.43366814511371,
      63.01187606417055,
      71.47694990667678,
      66.5453246838587,
      46.65825924697286,
      55.8111656646861,
      69.06323148076333,
      16.207837252890478,
      39.781881741856864,
      34.11675033836197,
      68.88903855784152,
      36.065155280605644,
      15.135182604628277,
      47.83458026128423,
      42.175872005422434,
      29.368356796791215,
      59.40679126486535,
      43.66628156182214,
      65.88098415803877,
      47.12911665079488,
      53.13155432575063,
      37.699549976761936,
      43.939412258914054,
      37.0724543638558,
      43.136992546953834,
      60.42263286785228,
      60.55633872964658
    ],
    [
      56.41490539536132,
      81.86367265405916,
      41.23768895580348,
      101.40526378308304,
      29.13963829138035,
      32.23083272955311,
      79.75517780100053,
      8.523764872732912,
      101.64283915626265,
      110.89850166821233,
      39.67157835260159,
      71.36102116892694,
      41.38317222826442,
      15.668763738711224,
      77.57693701271145,
      87.7387904790596,
      52.075491595952336,
      106.31829753083083,
      43.338570614094635,
      63.20585036836961,
      79.17523738548006,
      80.49139021433098,
      4.261882436366456,
      60.52378815110677,
      101.42550245785974,
      40.631566444593254,
      107.59965275414845,
      18.283666543529673,
      44.181075184301136,
      78.99053869712635,
      52.56109325509371,
      60.87362525455483,
      43.72486116744317,
      67.4445784463699,
      20.09645493866591,
      104.65558497747257,
      47.837446416208145,
      15.619211183486017,
      42.8593167587167,
      25.197849397551607,
      31.492148794075906,
      62.451628653454954,
      89.56284604385631,
      41.866015413835456,
      28.715308556013863,
      96.69903805901781,
      65.94725933143727,
      81.79340745600793,
      14.391528387290274,
      44.64819492589563,
      80.7876586930133,
      100.91647726377485,
      40.23345954432347,
      86.44041420432121,
      22.683003209951448,
      42.37714660831754,
      64.88837379906124,
      69.60134376008118,
      61.405872705797684,
      112.22456364127775,
      114.03963094818877,
      86.26871229906295,
      49.74758798534282,
      48.049573967245784,
      76.17811318968306
    ],
    [
      85.88817976001162,
      56.5974057219281,
      80.50631477998888,
      106.42574819019147,
      88.48702161729574,
      31.484176230429924,
      92.40679660107632,
      54.92486722069351,
      105.5377736087543,
      95.40509138313588,
      20.853014418435944,
      76.96219648775465,
      37.97421233142178,
      50.28353223208387,
      43.494984902835284,
      108.46886272585606,
      89.14238776899032,
      89.50701111301466,
      40.25042671156314,
      97.47210498241287,
      83.90357362539913,
      85.74997681990226,
      60.52378815110677,
      8.784176316624388,
      86.47516459633286,
      91.75558367751222,
      85.87184162073228,
      44.802253527398925,
      17.568352633248775,
      109.46148819167784,
      59.29784918911367,
      25.203267266446737,
      82.30809449790843,
      55.666854117388326,
      64.35576851299545,
      101.48404655931311,
      58.70234208315974,
      71.16803959614165,
      46.65290285474865,
      73.95140050984969,
      30.241585017965043,
      21.079914570885915,
      120.10181687639171,
      33.97312024526957,
      82.0244253767742,
      98.35285738637276,
      47.56672112901895,
      108.01096801756722,
      50.403410560976596,
      61.38490560088579,
      75.42750206608129,
      127.30492301887448,
      70.33200357961351,
      108.2725937150117,
      50.99170261046732,
      76.4950665663077,
      23.040355318698317,
      42.90369567824734,
      102.6440708587955,
      98.42161742223435,
      94.9523444151921,
      112.66982362339944,
      85.3836482510275,
      95.04193567744932,
      36.38643077569145
    ],
    [
      65.14505555427817,
      30.14841884647332,
      77.76342944511728,
      34.33523912067208,
      111.18299582107704,
      79.5725134732007,
      41.85710583730213,
      93.1173001237857,
      32.45302178012133,
      9.683676014633042,
      87.43084174917281,
      35.448384290952085,
      64.09254789450915,
      86.37587546937289,
      44.22037602099815,
